0 2
1 2
2 1
3 1
4 1
5 2
6 1
7 1
8 1
9 2
10 2
11 2
12 1
13 2
14 2
15 1
16 1
17 1
18 2
19 2
20 2
21 2
22 1
23 1
24 2
25 2
26 3
27 2
28 1
29 2
30 2
31 2
32 2
33 1
34 2
35 2
36 2
37 1
38 1
39 1
40 2
41 2
42 2
43 2
44 1
45 1
46 2
47 2
48 2
49 1
50 2
51 2
52 2
53 2
54 2
55 2
56 2
57 2
58 2
59 2
60 2
61 2
62 2
63 1
64 1
65 1
66 1
67 1
68 2
69 2
70 2
71 2
72 2
73 2
74 1
75 2
76 2
77 2
78 2
79 2
80 2
81 2
82 2
83 2
84 2
85 2
86 2
87 1
88 2
89 1
90 1
91 2
92 2
93 1
94 3
95 2
96 2
97 2
98 2
99 2
100 2
101 2
102 1
103 2
104 2
105 2
106 2
107 2
108 3
109 2
110 2
111 2
112 2
113 2
114 1
115 1
116 3
117 1
118 1
119 2
120 2
121 1
122 1
123 2
124 2
125 2
126 1
127 1
128 1
129 2
130 2
131 3
132 1
133 1
134 2
135 2
136 2
137 2
138 3
139 3
140 3
141 2
142 2
143 2
144 2
145 2
146 2
147 2
148 2
149 2
150 2
151 2
152 2
153 2
154 2
155 2
156 2
157 2
158 1
159 1
160 1
161 2
162 1
163 2
164 1
165 1
166 2
167 2
168 2
169 2
170 2
171 2
172 2
173 2
174 2
175 2
176 2
177 2
178 2
179 2
180 1
181 2
182 1
183 1
184 2
185 2
186 2
187 2
188 2
189 2
190 2
191 2
192 2
193 2
194 2
195 2
196 2
197 1
198 2
199 2
200 2
201 2
202 2
203 1
204 2
205 2
206 2
207 3
208 2
209 1
210 1
211 1
212 1
213 1
214 2
215 2
216 2
217 1
218 2
219 1
220 1
221 2
222 2
223 2
224 2
225 2
226 2
227 2
228 2
229 2
230 2
231 2
232 2
233 1
234 1
235 1
236 2
237 1
238 2
239 2
240 2
241 2
242 2
243 2
244 2
245 1
246 2
247 2
248 1
249 3
250 1
251 2
252 2
253 2
254 2
255 2
256 1
257 2
258 2
259 1
260 2
261 2
262 2
263 2
264 2
265 1
266 2
267 2
268 1
269 2
270 1
271 1
272 1
273 1
274 2
275 1
276 1
277 2
278 2
279 4
280 3
281 2
282 4
283 1
284 3
285 3
286 1
287 2
288 1
289 2
290 2
291 1
292 2
293 1
294 1
295 4
296 2
297 2
298 2
299 2
300 1
301 1
302 4
303 1
304 1
305 3
306 3
307 1
308 2
309 1
310 2
311 2
312 3
313 4
314 2
315 2
316 3
317 2
318 2
319 2
320 2
321 2
322 2
323 1
324 1
325 2
326 1
327 1
328 1
329 2
330 2
331 1
332 2
333 2
334 2
335 2
336 2
337 2
338 1
339 1
340 2
341 2
342 2
343 2
344 2
345 2
346 2
347 1
348 1
349 1
350 2
351 2
352 2
353 2
354 2
355 2
356 2
357 1
358 1
359 1
360 2
361 2
362 2
363 1
364 1
365 2
366 2
367 2
368 2
369 2
370 2
371 2
372 1
373 1
374 1
375 1
376 1
377 1
378 2
379 1
380 1
381 2
382 1
383 2
384 3
385 1
386 2
387 1
388 1
389 2
390 1
391 2
392 2
393 3
394 2
395 2
396 3
397 1
398 1
399 1
400 1
401 1
402 2
403 1
404 1
405 2
406 2
407 1
408 2
409 2
410 1
411 2
412 2
413 2
414 2
415 1
416 2
417 1
418 1
419 2
420 3
421 2
422 2
423 2
424 2
425 2
426 3
427 2
428 2
429 2
430 2
431 2
432 2
433 1
434 1
435 2
436 2
437 2
438 2
439 2
440 1
441 2
442 2
443 2
444 2
445 2
446 2
447 3
448 1
449 2
450 2
451 2
452 2
453 2
454 2
455 2
456 2
457 2
458 1
459 2
460 2
461 1
462 2
463 2
464 2
465 2
466 1
467 2
468 2
469 2
470 2
471 1
472 2
473 2
474 2
475 2
476 1
477 2
478 2
479 2
480 2
481 2
482 2
483 2
484 2
485 2
486 2
487 1
488 2
489 2
490 3
491 1
492 2
493 2
494 2
495 2
496 2
497 2
498 2
499 2
500 1
501 2
502 1
503 1
504 2
505 2
506 2
507 2
508 2
509 1
510 1
511 3
512 1
513 1
514 1
515 1
516 1
517 1
518 2
519 1
520 2
521 3
522 3
523 2
524 2
525 2
526 2
527 1
528 2
529 1
530 2
531 1
532 2
533 2
534 3
535 2
536 2
537 1
538 3
539 2
540 2
541 2
542 2
543 2
544 2
545 2
546 2
547 2
548 2
549 2
550 3
551 3
552 2
553 2
554 2
555 2
556 2
557 2
558 2
559 2
560 1
561 2
562 2
563 2
564 2
565 2
566 2
567 1
568 2
569 2
570 2
571 1
572 1
573 2
574 1
575 1
576 2
577 1
578 2
579 1
580 2
581 2
582 2
583 1
584 3
585 2
586 1
587 2
588 1
589 2
590 1
591 1
592 2
593 1
594 2
595 1
596 1
597 2
598 1
599 1
600 1
601 1
602 1
603 1
604 2
605 2
606 1
607 1
608 1
609 2
610 2
611 1
612 2
613 2
614 2
615 1
616 2
617 1
618 2
619 2
620 1
621 1
622 2
623 1
624 2
625 1
626 2
627 1
628 2
629 1
630 2
631 1
632 2
633 1
634 2
635 1
636 2
637 2
638 1
639 3
640 2
641 1
642 1
643 1
644 2
645 2
646 1
647 1
648 2
649 1
650 1
651 1
652 3
653 3
654 1
655 2
656 1
657 2
658 2
659 1
660 1
661 1
662 2
663 1
664 1
665 1
666 2
667 3
668 2
669 2
670 1
671 2
672 2
673 1
674 1
675 2
676 2
677 2
678 1
679 2
680 3
681 3
682 1
683 1
684 1
685 3
686 1
687 2
688 1
689 2
690 1
691 2
692 2
693 1
694 2
695 1
696 2
697 1
698 1
699 1
700 2
701 1
702 2
703 1
704 2
705 1
706 1
707 1
708 2
709 1
710 1
711 1
712 2
713 2
714 1
715 1
716 1
717 1
718 2
719 1
720 2
721 1
722 2
723 1
724 1
725 3
726 3
727 1
728 1
729 1
730 1
731 1
732 1
733 1
734 2
735 1
736 2
737 1
738 2
739 2
740 3
741 1
742 3
743 3
744 3
745 1
746 1
747 1
748 2
749 2
750 2
751 1
752 2
753 2
754 2
755 1
756 2
757 3
758 2
759 3
760 3
761 1
762 3
763 2
764 2
765 1
766 1
767 1
768 1
769 1
770 2
771 2
772 2
773 1
774 2
775 1
776 2
777 2
778 3
779 2
780 3
781 2
782 2
783 3
784 1
785 2
786 2
787 2
788 1
789 2
790 2
791 3
792 1
793 2
794 2
795 2
796 1
797 1
798 1
799 1
800 3
801 1
802 2
803 2
804 2
805 2
806 1
807 1
808 2
809 2
810 1
811 2
812 2
813 2
814 3
815 3
816 1
817 2
818 2
819 2
820 2
821 1
822 2
823 2
824 2
825 2
826 2
827 2
828 2
829 2
830 1
831 2
832 2
833 2
834 2
835 2
836 2
837 2
838 2
839 2
840 2
841 1
842 1
843 2
844 2
845 2
846 2
847 1
848 1
849 1
850 1
851 1
852 2
853 2
854 3
855 2
856 2
857 2
858 2
859 3
860 3
861 2
862 2
863 2
864 2
865 2
866 1
867 1
868 1
869 2
870 1
871 2
872 2
873 2
874 2
875 3
876 3
877 2
878 3
879 1
880 2
881 3
882 2
883 2
884 2
885 2
886 1
887 1
888 1
889 1
890 2
891 2
892 2
893 2
894 3
895 2
896 2
897 2
898 1
899 2
900 2
901 2
902 2
903 2
904 1
905 1
906 1
907 1
908 1
909 1
910 1
911 1
912 1
913 1
914 1
915 1
916 1
917 1
918 1
919 1
920 1
921 1
922 1
923 1
924 1
925 1
926 1
927 1
928 3
929 3
930 2
931 2
932 1
933 1
934 2
935 2
936 2
937 3
938 1
939 2
940 2
941 2
942 2
943 3
944 3
945 2
946 1
947 1
948 2
949 2
950 2
951 2
952 3
953 3
954 2
955 1
956 2
957 1
958 2
959 2
960 2
961 2
962 2
963 2
964 2
965 2
966 2
967 2
968 2
969 2
970 2
971 2
972 1
973 2
974 3
975 2
976 2
977 2
978 2
979 2
980 2
981 2
982 1
983 1
984 2
985 1
986 2
987 2
988 1
989 2
990 1
991 2
992 2
993 2
994 1
995 2
996 2
997 2
998 2
999 1
1000 2
1001 2
1002 2
1003 2
1004 2
1005 3
1006 2
1007 1
1008 1
1009 1
1010 2
1011 2
1012 2
1013 2
1014 2
1015 2
1016 2
1017 1
1018 2
1019 3
1020 1
1021 2
1022 3
1023 3
1024 3
1025 2
1026 2
1027 1
1028 3
1029 1
1030 2
1031 3
1032 2
1033 2
1034 2
1035 2
1036 2
1037 2
1038 1
1039 1
1040 1
1041 2
1042 1
1043 2
1044 2
1045 2
1046 3
1047 2
1048 2
1049 2
1050 3
1051 2
1052 3
1053 1
1054 2
1055 2
1056 2
1057 2
1058 2
1059 3
1060 2
1061 2
1062 2
1063 2
1064 1
1065 2
1066 2
1067 2
1068 2
1069 2
1070 2
1071 2
1072 2
1073 3
1074 2
1075 2
1076 2
1077 1
1078 3
1079 1
1080 2
1081 2
1082 2
1083 1
1084 2
1085 2
1086 3
1087 3
1088 3
1089 2
1090 2
1091 3
1092 2
1093 2
1094 2
1095 2
1096 2
1097 2
1098 2
1099 2
1100 2
1101 2
1102 2
1103 2
1104 2
1105 2
1106 2
1107 3
1108 2
1109 2
1110 1
1111 1
1112 1
1113 1
1114 2
1115 2
1116 2
1117 3
1118 2
1119 2
1120 2
1121 1
1122 2
1123 3
1124 2
1125 2
1126 2
1127 2
1128 2
1129 2
1130 2
1131 3
1132 2
1133 2
1134 2
1135 2
1136 2
1137 2
1138 1
1139 1
1140 2
1141 1
1142 2
1143 2
1144 1
1145 2
1146 1
1147 2
1148 2
1149 2
1150 2
1151 3
1152 3
1153 2
1154 2
1155 2
1156 2
1157 2
1158 2
1159 3
1160 2
1161 2
1162 2
1163 2
1164 2
1165 2
1166 3
1167 3
1168 1
1169 2
1170 3
1171 2
1172 1
1173 3
1174 2
1175 3
1176 2
1177 2
1178 2
1179 1
1180 1
1181 2
1182 2
1183 2
1184 2
1185 1
1186 2
1187 2
1188 1
1189 2
1190 2
1191 2
1192 2
1193 2
1194 2
1195 2
1196 2
1197 2
1198 2
1199 2
1200 2
1201 3
1202 2
1203 2
1204 2
1205 2
1206 2
1207 2
1208 2
1209 2
1210 2
1211 1
1212 2
1213 2
1214 2
1215 1
1216 2
1217 2
1218 2
1219 2
1220 2
1221 2
1222 1
1223 2
1224 2
1225 2
1226 2
1227 2
1228 2
1229 2
1230 3
1231 2
1232 2
1233 1
1234 2
1235 2
1236 2
1237 2
1238 2
1239 2
1240 1
1241 2
1242 2
1243 3
1244 3
1245 2
1246 2
1247 2
1248 2
1249 2
1250 2
1251 2
1252 2
1253 2
1254 1
1255 2
1256 2
1257 3
1258 2
1259 1
1260 2
1261 1
1262 1
1263 1
1264 1
1265 1
1266 1
1267 3
1268 2
1269 2
1270 1
1271 1
1272 2
1273 2
1274 2
1275 2
1276 3
1277 2
1278 3
1279 3
1280 2
1281 2
1282 1
1283 2
1284 2
1285 2
1286 2
1287 1
1288 2
1289 2
1290 2
1291 2
1292 2
1293 1
1294 2
1295 1
1296 2
1297 2
1298 2
1299 2
1300 2
1301 2
1302 2
1303 1
1304 2
1305 1
1306 2
1307 2
1308 2
1309 3
1310 2
1311 2
1312 2
1313 3
1314 2
1315 2
1316 2
1317 2
1318 1
1319 2
1320 2
1321 2
1322 2
1323 3
1324 2
1325 2
1326 2
1327 2
1328 1
1329 2
1330 2
1331 1
1332 2
1333 2
1334 2
1335 2
1336 1
1337 2
1338 2
1339 2
1340 2
1341 2
1342 2
1343 2
1344 1
1345 2
1346 2
1347 2
1348 2
1349 2
1350 2
1351 2
1352 2
1353 2
1354 1
1355 2
1356 3
1357 3
1358 2
1359 2
1360 2
1361 2
1362 2
1363 2
1364 2
1365 3
1366 2
1367 2
1368 2
1369 2
1370 2
1371 2
1372 3
1373 3
1374 3
1375 1
1376 1
1377 2
1378 2
1379 2
1380 2
1381 1
1382 2
1383 2
1384 2
1385 2
1386 2
1387 2
1388 2
1389 2
1390 2
1391 2
1392 1
1393 1
1394 1
1395 1
1396 1
1397 1
1398 2
1399 2
1400 2
1401 2
1402 2
1403 2
1404 1
1405 2
1406 2
1407 2
1408 2
1409 2
1410 2
1411 1
1412 2
1413 2
1414 1
1415 2
1416 2
1417 2
1418 2
1419 2
1420 2
1421 1
1422 2
1423 2
1424 2
1425 2
1426 2
1427 2
1428 2
1429 2
1430 2
1431 2
1432 2
1433 2
1434 2
1435 2
1436 3
1437 2
1438 2
1439 2
1440 2
1441 2
1442 2
1443 2
1444 2
1445 2
1446 2
1447 2
1448 2
1449 2
1450 2
1451 3
1452 2
1453 2
1454 2
1455 2
1456 2
1457 2
1458 2
1459 3
1460 2
1461 2
1462 2
1463 3
1464 1
1465 1
1466 2
1467 2
1468 3
1469 2
1470 2
1471 2
1472 2
1473 2
1474 2
1475 1
1476 2
1477 1
1478 2
1479 1
1480 1
1481 1
1482 1
1483 2
1484 3
1485 2
1486 3
1487 3
1488 2
1489 3
1490 2
1491 2
1492 2
1493 2
1494 2
1495 2
1496 2
1497 2
1498 2
1499 2
1500 2
1501 2
1502 2
1503 1
1504 2
1505 2
1506 3
1507 3
1508 2
1509 1
1510 2
1511 2
1512 2
1513 2
1514 1
1515 2
1516 2
1517 2
1518 2
1519 1
1520 2
1521 2
1522 2
1523 2
1524 2
1525 2
1526 2
1527 2
1528 2
1529 2
1530 3
1531 3
1532 2
1533 1
1534 1
1535 2
1536 2
1537 2
1538 1
1539 1
1540 2
1541 3
1542 2
1543 2
1544 2
1545 2
1546 1
1547 2
1548 2
1549 2
1550 1
1551 2
1552 2
1553 1
1554 2
1555 2
1556 2
1557 2
1558 2
1559 2
1560 2
1561 2
1562 2
1563 2
1564 2
1565 2
1566 1
1567 1
1568 1
1569 2
1570 2
1571 2
1572 2
1573 2
1574 2
1575 2
1576 2
1577 2
1578 1
1579 2
1580 2
1581 1
1582 1
1583 2
1584 3
1585 2
1586 2
1587 2
1588 2
1589 2
1590 2
1591 2
1592 1
1593 2
1594 2
1595 1
1596 2
1597 1
1598 2
1599 2
1600 2
1601 2
1602 2
1603 2
1604 2
1605 2
1606 1
1607 2
1608 1
1609 2
1610 1
1611 2
1612 2
1613 2
1614 2
1615 2
1616 2
1617 2
1618 2
1619 2
1620 2
1621 2
1622 2
1623 2
1624 2
1625 2
1626 2
1627 2
1628 2
1629 2
1630 2
1631 2
1632 2
1633 2
1634 1
1635 2
1636 1
1637 1
1638 2
1639 1
1640 2
1641 1
1642 2
1643 2
1644 2
1645 1
1646 2
1647 1
1648 2
1649 3
1650 2
1651 2
1652 2
1653 2
1654 2
1655 1
1656 1
1657 1
1658 2
1659 2
1660 2
1661 2
1662 2
1663 2
1664 2
1665 2
1666 2
1667 2
1668 2
1669 2
1670 2
1671 1
1672 1
1673 2
1674 2
1675 1
1676 1
1677 2
1678 2
1679 2
1680 2
1681 1
1682 2
1683 1
1684 2
1685 2
1686 2
1687 2
1688 1
1689 2
1690 2
1691 2
1692 2
1693 2
1694 2
1695 1
1696 2
1697 1
1698 2
1699 2
1700 2
1701 1
1702 2
1703 2
1704 2
1705 2
1706 1
1707 2
1708 2
1709 2
1710 2
1711 2
1712 2
1713 2
1714 2
1715 2
1716 2
1717 2
1718 1
1719 2
1720 1
1721 2
1722 2
1723 2
1724 2
1725 2
1726 2
1727 1
1728 2
1729 2
1730 2
1731 2
1732 2
1733 2
1734 2
1735 2
1736 2
1737 1
1738 1
1739 2
1740 2
1741 2
1742 2
1743 2
1744 2
1745 2
1746 1
1747 2
1748 2
1749 2
1750 1
1751 1
1752 2
1753 2
1754 2
1755 2
1756 2
1757 2
1758 2
1759 2
1760 2
1761 2
1762 2
1763 1
1764 1
1765 2
1766 2
1767 2
1768 1
1769 2
1770 2
1771 2
1772 2
1773 2
1774 2
1775 2
1776 2
1777 2
1778 1
1779 2
1780 1
1781 2
1782 2
1783 2
1784 1
1785 2
1786 2
1787 2
1788 2
1789 1
1790 2
1791 1
1792 1
1793 2
1794 2
1795 2
1796 2
1797 2
1798 2
1799 1
1800 2
1801 2
1802 2
1803 2
1804 2
1805 2
1806 1
1807 2
1808 2
1809 2
1810 2
1811 2
1812 1
1813 2
1814 2
1815 2
1816 1
1817 2
1818 2
1819 2
1820 2
1821 2
1822 2
1823 2
1824 1
1825 2
1826 2
1827 2
1828 1
1829 2
1830 2
1831 2
1832 2
1833 2
1834 2
1835 1
1836 1
1837 2
1838 2
1839 2
1840 1
1841 2
1842 2
1843 1
1844 2
1845 1
1846 2
1847 2
1848 2
1849 2
1850 2
1851 1
1852 2
1853 2
1854 2
1855 3
1856 2
1857 2
1858 2
1859 2
1860 1
1861 2
1862 2
1863 2
1864 2
1865 2
1866 1
1867 2
1868 2
1869 2
1870 2
1871 2
1872 2
1873 2
1874 2
1875 1
1876 2
1877 2
1878 2
1879 2
1880 1
1881 2
1882 2
1883 2
1884 1
1885 2
1886 1
1887 2
1888 1
1889 2
1890 2
1891 2
1892 2
1893 2
1894 1
1895 2
1896 2
1897 2
1898 2
1899 2
1900 2
1901 2
1902 2
1903 2
1904 2
1905 2
1906 1
1907 2
1908 2
1909 2
1910 2
1911 1
1912 2
1913 2
1914 2
1915 2
1916 1
1917 2
1918 2
1919 2
1920 2
1921 2
1922 3
1923 2
1924 2
1925 1
1926 2
1927 2
1928 2
1929 2
1930 2
1931 1
1932 2
1933 2
1934 2
1935 2
1936 1
1937 1
1938 2
1939 1
1940 2
1941 1
1942 2
1943 2
1944 2
1945 2
1946 2
1947 1
1948 2
1949 2
1950 2
1951 3
1952 1
1953 2
1954 3
1955 1
1956 2
1957 1
1958 2
1959 2
1960 2
1961 2
1962 2
1963 2
1964 2
1965 2
1966 1
1967 1
1968 2
1969 2
1970 1
1971 1
1972 2
1973 1
1974 1
1975 2
1976 2
1977 2
1978 2
1979 2
1980 2
1981 1
1982 2
1983 2
1984 1
1985 2
1986 2
1987 2
1988 1
1989 1
1990 2
1991 1
1992 2
1993 2
1994 2
1995 2
1996 2
1997 2
1998 1
1999 2
2000 2
2001 2
2002 2
2003 2
2004 2
2005 1
2006 1
2007 1
2008 1
2009 1
2010 1
2011 2
2012 3
2013 1
2014 2
2015 2
2016 2
2017 2
2018 1
2019 2
2020 2
2021 2
2022 1
2023 2
2024 1
2025 2
2026 2
2027 2
2028 2
2029 2
2030 2
2031 2
2032 2
2033 2
2034 2
2035 2
2036 1
2037 1
2038 2
2039 2
2040 2
2041 2
2042 2
2043 2
2044 1
2045 1
2046 2
2047 2
2048 1
2049 2
2050 2
2051 2
2052 2
2053 2
2054 2
2055 2
2056 2
2057 1
2058 1
2059 1
2060 2
2061 2
2062 2
2063 2
2064 2
2065 2
2066 2
2067 2
2068 1
2069 2
2070 2
2071 1
2072 2
2073 2
2074 2
2075 2
2076 2
2077 2
2078 2
2079 2
2080 2
2081 2
2082 2
2083 2
2084 2
2085 2
2086 2
2087 2
2088 2
2089 2
2090 2
2091 2
2092 1
2093 1
2094 2
2095 2
2096 2
2097 2
2098 3
2099 2
2100 1
2101 2
2102 2
2103 2
2104 2
2105 2
2106 2
2107 2
2108 2
2109 2
2110 2
2111 2
2112 2
2113 2
2114 2
2115 2
2116 1
2117 2
2118 3
2119 3
2120 3
2121 2
2122 2
2123 2
2124 2
2125 2
2126 2
2127 2
2128 2
2129 2
2130 2
2131 2
2132 1
2133 2
2134 2
2135 2
2136 2
2137 2
2138 3
2139 3
2140 2
2141 2
2142 1
2143 2
2144 2
2145 2
2146 2
2147 1
2148 2
2149 2
2150 2
2151 3
2152 1
2153 2
2154 2
2155 2
2156 2
2157 3
2158 2
2159 2
2160 2
2161 2
2162 2
2163 2
2164 2
2165 1
2166 1
2167 2
2168 1
2169 1
2170 1
2171 1
2172 1
2173 2
2174 1
2175 2
2176 2
2177 2
2178 2
2179 2
2180 1
2181 1
2182 1
2183 2
2184 2
2185 1
2186 2
2187 2
2188 2
2189 2
2190 2
2191 2
2192 2
2193 2
2194 2
2195 2
2196 2
2197 1
2198 1
2199 2
2200 2
2201 2
2202 2
2203 2
2204 2
2205 2
2206 1
2207 2
2208 2
2209 2
2210 2
2211 2
2212 2
2213 2
2214 2
2215 2
2216 2
2217 2
2218 2
2219 2
2220 1
2221 2
2222 2
2223 3
2224 2
2225 2
2226 1
2227 2
2228 1
2229 2
2230 2
2231 2
2232 2
2233 2
2234 1
2235 3
2236 1
2237 1
2238 2
2239 1
2240 2
2241 2
2242 2
2243 2
2244 2
2245 1
2246 2
2247 2
2248 2
2249 2
2250 1
2251 1
2252 1
2253 2
2254 2
2255 2
2256 2
2257 2
2258 1
2259 1
2260 1
2261 1
2262 2
2263 2
2264 2
2265 2
2266 2
2267 2
2268 2
2269 1
2270 1
2271 1
2272 2
2273 1
2274 2
2275 1
2276 2
2277 1
2278 2
2279 2
2280 1
2281 2
2282 2
2283 2
2284 2
2285 2
2286 2
2287 2
2288 2
2289 2
2290 2
2291 2
2292 2
2293 2
2294 2
2295 2
2296 1
2297 1
2298 3
2299 2
2300 2
2301 1
2302 2
2303 2
2304 2
2305 2
2306 2
2307 2
2308 2
2309 2
2310 2
2311 2
2312 2
2313 1
2314 2
2315 1
2316 2
2317 2
2318 2
2319 2
2320 2
2321 2
2322 1
2323 1
2324 1
2325 2
2326 1
2327 2
2328 2
2329 2
2330 2
2331 2
2332 2
2333 2
2334 2
2335 2
2336 2
2337 2
2338 1
2339 2
2340 1
2341 2
2342 2
2343 2
2344 2
2345 2
2346 2
2347 2
2348 2
2349 2
2350 2
2351 2
2352 2
2353 2
2354 2
2355 2
2356 2
2357 2
2358 2
2359 2
2360 1
2361 2
2362 2
2363 2
2364 2
2365 2
2366 2
2367 2
2368 2
2369 2
2370 2
2371 2
2372 2
2373 2
2374 2
2375 2
2376 2
2377 2
2378 2
2379 2
2380 2
2381 2
2382 2
2383 3
2384 2
2385 2
2386 2
2387 2
2388 2
2389 2
2390 2
2391 1
2392 2
2393 2
2394 2
2395 2
2396 2
2397 2
2398 2
2399 1
2400 1
2401 1
2402 2
2403 2
2404 2
2405 2
2406 2
2407 2
2408 2
2409 2
2410 1
2411 2
2412 2
2413 2
2414 2
2415 2
2416 2
2417 2
2418 2
2419 2
2420 2
2421 1
2422 1
2423 2
2424 1
2425 2
2426 3
2427 2
2428 2
2429 2
2430 1
2431 1
2432 1
2433 1
2434 3
2435 2
2436 2
2437 1
2438 1
2439 2
2440 2
2441 1
2442 1
2443 2
2444 2
2445 2
2446 2
2447 3
2448 2
2449 2
2450 2
2451 1
2452 2
2453 1
2454 3
2455 2
2456 2
2457 3
2458 3
2459 2
2460 1
2461 2
2462 1
2463 2
2464 2
2465 3
2466 1
2467 1
2468 2
2469 2
2470 1
2471 2
2472 2
2473 2
2474 2
2475 2
2476 2
2477 2
2478 2
2479 1
2480 1
2481 1
2482 1
2483 2
2484 2
2485 3
2486 2
2487 2
2488 2
2489 2
2490 2
2491 1
2492 2
2493 2
2494 3
2495 1
2496 3
2497 2
2498 2
2499 2
2500 3
2501 2
2502 2
2503 2
2504 2
2505 2
2506 1
2507 1
2508 1
2509 2
2510 1
2511 1
2512 1
2513 2
2514 2
2515 2
2516 1
2517 1
2518 1
2519 2
2520 3
2521 3
2522 2
2523 1
2524 2
2525 2
2526 1
2527 2
2528 3
2529 3
2530 3
2531 2
2532 2
2533 3
2534 2
2535 1
2536 2
2537 2
2538 3
2539 3
2540 1
2541 1
2542 3
2543 3
2544 2
2545 2
2546 1
2547 1
2548 2
2549 3
2550 3
2551 3
2552 2
2553 3
2554 3
2555 1
2556 3
2557 2
2558 2
2559 2
2560 3
2561 3
2562 2
2563 2
2564 1
2565 2
2566 1
2567 2
2568 1
2569 1
2570 1
2571 1
2572 1
2573 1
2574 3
2575 3
2576 2
2577 2
2578 1
2579 3
2580 1
2581 1
2582 1
2583 2
2584 3
2585 3
2586 3
2587 1
2588 2
2589 1
2590 1
2591 2
2592 2
2593 2
2594 2
2595 3
2596 3
2597 2
2598 1
2599 2
2600 1
2601 3
2602 1
2603 2
2604 2
2605 2
2606 3
2607 3
2608 3
2609 2
2610 1
2611 3
2612 3
2613 1
2614 2
2615 1
2616 2
2617 2
2618 2
2619 2
2620 2
2621 3
2622 2
2623 2
2624 2
2625 1
2626 1
2627 3
2628 1
2629 2
2630 1
2631 2
2632 1
2633 2
2634 1
2635 1
2636 2
2637 2
2638 2
2639 2
2640 1
2641 2
2642 1
2643 2
2644 2
2645 2
2646 2
2647 2
2648 2
2649 2
2650 2
2651 1
2652 2
2653 1
2654 2
2655 3
2656 1
2657 3
2658 1
2659 1
2660 2
2661 1
2662 3
2663 1
2664 1
2665 1
2666 1
2667 1
2668 2
2669 1
2670 3
2671 2
2672 2
2673 1
2674 3
2675 1
2676 1
2677 2
2678 2
2679 1
2680 2
2681 1
2682 1
2683 1
2684 2
2685 2
2686 2
2687 2
2688 1
2689 1
2690 1
2691 2
2692 3
2693 2
2694 1
2695 1
2696 2
2697 3
2698 1
2699 1
2700 1
2701 2
2702 2
2703 2
2704 1
2705 1
2706 2
2707 1
2708 1
2709 2
2710 3
2711 2
2712 1
2713 1
2714 2
2715 2
2716 3
2717 2
2718 1
2719 2
2720 2
2721 2
2722 3
2723 2
2724 3
2725 2
2726 2
2727 2
2728 2
2729 2
2730 2
2731 1
2732 1
2733 2
2734 1
2735 1
2736 2
2737 2
2738 2
2739 2
2740 3
2741 2
2742 1
2743 2
2744 1
2745 2
2746 1
2747 1
2748 1
2749 1
2750 1
2751 1
2752 1
2753 1
2754 1
2755 1
2756 2
2757 2
2758 2
2759 1
2760 3
2761 1
2762 1
2763 1
2764 3
2765 3
2766 3
2767 1
2768 1
2769 2
2770 1
2771 2
2772 1
2773 1
2774 2
2775 1
2776 1
2777 1
2778 2
2779 3
2780 3
2781 2
2782 1
2783 2
2784 2
2785 2
2786 1
2787 2
2788 1
2789 2
2790 2
2791 2
2792 2
2793 3
2794 2
2795 3
2796 2
2797 2
2798 3
2799 2
2800 3
2801 2
2802 1
2803 1
2804 2
2805 1
2806 2
2807 1
2808 1
2809 2
2810 2
2811 2
2812 1
2813 2
2814 3
2815 2
2816 1
2817 1
2818 1
2819 3
2820 3
2821 2
2822 1
2823 2
2824 1
2825 3
2826 2
2827 1
2828 1
2829 1
2830 1
2831 1
2832 2
2833 1
2834 2
2835 2
2836 2
2837 3
2838 3
2839 3
2840 3
2841 2
2842 2
2843 3
2844 1
2845 2
2846 3
2847 2
2848 1
2849 2
2850 2
2851 3
2852 3
2853 1
2854 1
2855 1
2856 1
2857 3
2858 2
2859 1
2860 2
2861 1
2862 2
2863 1
2864 2
2865 3
2866 2
2867 1
2868 1
2869 1
2870 2
2871 2
2872 2
2873 1
2874 3
2875 1
2876 1
2877 1
2878 3
2879 3
2880 3
2881 3
2882 3
2883 3
2884 2
2885 2
2886 2
2887 1
2888 1
2889 3
2890 1
2891 2
2892 1
2893 2
2894 2
2895 1
2896 1
2897 1
2898 1
2899 1
2900 2
2901 1
2902 1
2903 2
2904 1
2905 1
2906 1
2907 1
2908 3
2909 2
2910 1
2911 2
2912 1
2913 1
2914 3
2915 1
2916 3
2917 3
2918 3
2919 1
2920 2
2921 1
2922 2
2923 2
2924 2
2925 1
2926 2
2927 2
2928 2
2929 1
2930 1
2931 1
2932 3
2933 1
2934 2
2935 2
2936 3
2937 2
2938 2
2939 2
2940 1
2941 2
2942 2
2943 2
2944 3
2945 1
2946 1
2947 1
2948 2
2949 1
2950 1
2951 1
2952 3
2953 2
2954 1
2955 2
2956 2
2957 2
2958 2
2959 3
2960 2
2961 1
2962 1
2963 1
2964 2
2965 1
2966 2
2967 3
2968 2
2969 3
2970 1
2971 2
2972 3
2973 2
2974 2
2975 1
2976 2
2977 2
2978 2
2979 1
2980 2
2981 2
2982 1
2983 2
2984 2
2985 1
2986 3
2987 2
2988 1
2989 2
2990 1
2991 2
2992 1
2993 2
2994 1
2995 2
2996 2
2997 3
2998 3
2999 1
3000 1
3001 2
3002 1
3003 2
3004 3
3005 3
3006 1
3007 1
3008 3
3009 2
3010 2
3011 3
3012 2
3013 1
3014 2
3015 1
3016 2
3017 3
3018 3
3019 1
3020 2
3021 1
3022 1
3023 1
3024 2
3025 1
3026 2
3027 1
3028 2
3029 1
3030 3
3031 1
3032 1
3033 2
3034 2
3035 1
3036 2
3037 1
3038 3
3039 1
3040 1
3041 3
3042 3
3043 2
3044 2
3045 2
3046 2
3047 2
3048 1
3049 2
3050 2
3051 1
3052 1
3053 1
3054 1
3055 2
3056 1
3057 1
3058 1
3059 2
3060 2
3061 2
3062 1
3063 3
3064 1
3065 3
3066 1
3067 1
3068 1
3069 1
3070 1
3071 2
3072 1
3073 2
3074 1
3075 1
3076 1
3077 2
3078 1
3079 2
3080 1
3081 1
3082 1
3083 1
3084 1
3085 1
3086 1
3087 1
3088 1
3089 1
3090 1
3091 1
3092 2
3093 1
3094 2
3095 2
3096 3
3097 2
3098 2
3099 2
3100 1
3101 1
3102 1
3103 1
3104 3
3105 2
3106 1
3107 1
3108 1
3109 3
3110 1
3111 3
3112 3
3113 3
3114 1
3115 2
3116 2
3117 3
3118 2
3119 2
3120 1
3121 2
3122 2
3123 2
3124 2
3125 1
3126 3
3127 2
3128 3
3129 3
3130 3
3131 3
3132 1
3133 3
3134 3
3135 1
3136 1
3137 2
3138 1
3139 1
3140 1
3141 2
3142 1
3143 2
3144 2
3145 2
3146 2
3147 2
3148 3
3149 2
3150 2
3151 1
3152 2
3153 3
3154 2
3155 1
3156 3
3157 2
3158 2
3159 3
3160 1
3161 2
3162 1
3163 1
3164 1
3165 1
3166 1
3167 1
3168 1
3169 1
3170 1
3171 2
3172 1
3173 3
3174 2
3175 1
3176 1
3177 1
3178 2
3179 2
3180 2
3181 2
3182 1
3183 1
3184 1
3185 1
3186 3
3187 2
3188 2
3189 2
3190 2
3191 1
3192 1
3193 1
3194 1
3195 1
3196 1
3197 3
3198 2
3199 2
3200 3
3201 2
3202 3
3203 1
3204 1
3205 2
3206 1
3207 2
3208 1
3209 2
3210 1
3211 3
3212 1
3213 3
3214 2
3215 3
3216 1
3217 2
3218 2
3219 1
3220 1
3221 3
3222 2
3223 1
3224 1
3225 1
3226 1
3227 1
3228 2
3229 1
3230 3
3231 1
3232 2
3233 1
3234 2
3235 2
3236 1
3237 1
3238 2
3239 1
3240 1
3241 1
3242 1
3243 1
3244 3
3245 2
3246 2
3247 1
3248 1
3249 1
3250 2
3251 2
3252 2
3253 2
3254 1
3255 1
3256 1
3257 1
3258 1
3259 1
3260 1
3261 1
3262 1
3263 2
3264 1
3265 2
3266 2
3267 2
3268 1
3269 2
3270 3
3271 1
3272 1
3273 1
3274 1
3275 2
3276 3
3277 2
3278 1
3279 3
3280 1
3281 2
3282 1
3283 2
3284 3
3285 1
3286 2
3287 1
3288 2
3289 2
3290 1
3291 1
3292 1
3293 2
3294 2
3295 2
3296 2
3297 2
3298 2
3299 2
3300 1
3301 2
3302 2
3303 1
3304 1
3305 1
3306 1
3307 2
3308 2
3309 2
3310 3
3311 2
3312 2
3313 2
3314 2
3315 2
3316 2
3317 2
3318 2
3319 2
3320 2
3321 2
3322 2
3323 2
3324 2
3325 2
3326 2
3327 2
3328 2
3329 2
3330 2
3331 2
3332 2
3333 3
3334 2
3335 1
3336 2
3337 2
3338 1
3339 1
3340 1
3341 2
3342 2
3343 2
3344 2
3345 2
3346 2
3347 2
3348 2
3349 2
3350 2
3351 2
3352 2
3353 2
3354 1
3355 2
3356 2
3357 2
3358 2
3359 2
3360 2
3361 2
3362 2
3363 1
3364 1
3365 2
3366 1
3367 1
3368 2
3369 2
3370 2
3371 2
3372 1
3373 1
3374 1
3375 1
3376 1
3377 1
3378 1
3379 1
3380 1
3381 1
3382 1
3383 1
3384 1
3385 1
3386 1
3387 1
3388 1
3389 1
3390 1
3391 1
3392 1
3393 1
3394 1
3395 1
3396 1
3397 1
3398 1
3399 2
3400 2
3401 2
3402 2
3403 2
3404 2
3405 1
3406 1
3407 1
3408 1
3409 1
3410 2
3411 2
3412 2
3413 2
3414 2
3415 2
3416 2
3417 2
3418 2
3419 1
3420 2
3421 2
3422 1
3423 2
3424 1
3425 1
3426 2
3427 2
3428 1
3429 2
3430 1
3431 2
3432 2
3433 2
3434 2
3435 2
3436 2
3437 2
3438 2
3439 1
3440 1
3441 1
3442 1
3443 1
3444 1
3445 1
3446 2
3447 1
3448 1
3449 1
3450 1
3451 1
3452 1
3453 1
3454 2
3455 2
3456 2
3457 1
3458 1
3459 1
3460 1
3461 1
3462 2
3463 2
3464 2
3465 2
3466 2
3467 2
3468 2
3469 2
3470 2
3471 2
3472 2
3473 2
3474 1
3475 1
3476 1
3477 1
3478 1
3479 1
3480 1
3481 1
3482 1
3483 2
3484 2
3485 2
3486 2
3487 1
3488 2
3489 2
3490 1
3491 2
3492 1
3493 2
3494 2
3495 2
3496 1
3497 2
3498 2
3499 2
3500 2
3501 2
3502 2
3503 2
3504 2
3505 1
3506 2
3507 1
3508 1
3509 1
3510 1
3511 2
3512 2
3513 1
3514 2
3515 2
3516 1
3517 2
3518 1
3519 1
3520 1
3521 1
3522 2
3523 2
3524 1
3525 2
3526 2
3527 2
3528 1
3529 2
3530 1
3531 1
3532 2
3533 1
3534 1
3535 1
3536 1
3537 1
3538 2
3539 1
3540 2
3541 2
3542 1
3543 1
3544 2
3545 2
3546 1
3547 1
3548 1
3549 1
3550 2
3551 2
3552 2
3553 2
3554 2
3555 1
3556 2
3557 1
3558 2
3559 1
3560 2
3561 2
3562 1
3563 2
3564 2
3565 2
3566 1
3567 2
3568 2
3569 2
3570 1
3571 2
3572 2
3573 2
3574 2
3575 1
3576 2
3577 2
3578 1
3579 1
3580 2
3581 2
3582 2
3583 2
3584 2
3585 2
3586 2
3587 2
3588 2
3589 1
3590 1
3591 1
3592 2
3593 2
3594 1
3595 1
3596 2
3597 2
3598 2
3599 1
3600 2
3601 2
3602 1
3603 1
3604 2
3605 1
3606 1
3607 2
3608 2
3609 2
3610 2
3611 2
3612 2
3613 2
3614 1
3615 1
3616 2
3617 1
3618 2
3619 2
3620 2
3621 2
3622 2
3623 2
3624 1
3625 2
3626 2
3627 2
3628 1
3629 2
3630 1
3631 2
3632 2
3633 2
3634 1
3635 1
3636 1
3637 2
3638 2
3639 2
3640 1
3641 1
3642 1
3643 1
3644 1
3645 2
3646 1
3647 2
3648 2
3649 2
3650 1
3651 2
3652 2
3653 1
3654 2
3655 2
3656 2
3657 2
3658 1
3659 2
3660 1
3661 2
3662 2
3663 2
3664 1
3665 2
3666 1
3667 2
3668 2
3669 2
3670 2
3671 2
3672 2
3673 2
3674 2
3675 2
3676 2
3677 2
3678 1
3679 1
3680 1
3681 1
3682 2
3683 2
3684 2
3685 2
3686 1
3687 1
3688 1
3689 2
3690 1
3691 1
3692 2
3693 2
3694 1
3695 2
3696 2
3697 2
3698 2
3699 1
3700 2
3701 2
3702 2
3703 1
3704 1
3705 2
3706 1
3707 1
3708 2
3709 2
3710 1
3711 2
3712 2
3713 2
3714 1
3715 1
3716 2
3717 1
3718 1
3719 1
3720 1
3721 1
3722 2
3723 2
3724 2
3725 2
3726 2
3727 2
3728 1
3729 1
3730 1
3731 2
3732 2
3733 2
3734 1
3735 1
3736 1
3737 2
3738 2
3739 2
3740 1
3741 2
3742 2
3743 1
3744 1
3745 2
3746 1
3747 2
3748 2
3749 2
3750 2
3751 2
3752 2
3753 2
3754 2
3755 2
3756 1
3757 2
3758 2
3759 1
3760 1
3761 2
3762 2
3763 2
3764 1
3765 1
3766 2
3767 2
3768 2
3769 2
3770 2
3771 2
3772 1
3773 2
3774 2
3775 2
3776 2
3777 2
3778 2
3779 2
3780 2
3781 3
3782 2
3783 2
3784 3
3785 3
3786 2
3787 2
3788 2
3789 2
3790 2
3791 1
3792 2
3793 2
3794 2
3795 2
3796 2
3797 2
3798 2
3799 1
3800 1
3801 2
3802 2
3803 2
3804 2
3805 2
3806 2
3807 2
3808 2
3809 2
3810 2
3811 2
3812 2
3813 2
3814 2
3815 2
3816 2
3817 2
3818 1
3819 1
3820 1
3821 2
3822 2
3823 2
3824 2
3825 2
3826 2
3827 2
3828 1
3829 2
3830 2
3831 2
3832 2
3833 2
3834 2
3835 1
3836 2
3837 2
3838 2
3839 2
3840 2
3841 1
3842 2
3843 2
3844 2
3845 2
3846 1
3847 2
3848 2
3849 2
3850 2
3851 2
3852 1
3853 2
3854 2
3855 2
3856 2
3857 2
3858 1
3859 2
3860 2
3861 2
3862 2
3863 2
3864 2
3865 2
3866 2
3867 2
3868 2
3869 1
3870 2
3871 2
3872 2
3873 2
3874 2
3875 2
3876 2
3877 2
3878 2
3879 2
3880 1
3881 2
3882 2
3883 2
3884 2
3885 2
3886 1
3887 2
3888 2
3889 1
3890 2
3891 2
3892 2
3893 2
3894 2
3895 2
3896 1
3897 2
3898 2
3899 1
3900 2
3901 2
3902 2
3903 2
3904 2
3905 2
3906 2
3907 2
3908 2
3909 2
3910 2
3911 2
3912 2
3913 2
3914 2
3915 2
3916 2
3917 2
3918 2
3919 2
3920 2
3921 2
3922 2
3923 2
3924 1
3925 2
3926 1
3927 2
3928 2
3929 1
3930 2
3931 2
3932 2
3933 2
3934 1
3935 2
3936 2
3937 2
3938 2
3939 1
3940 1
3941 1
3942 1
3943 2
3944 2
3945 1
3946 1
3947 1
3948 2
3949 2
3950 2
3951 2
3952 1
3953 2
3954 2
3955 2
3956 2
3957 2
3958 2
3959 2
3960 2
3961 2
3962 2
3963 2
3964 1
3965 2
3966 2
3967 1
3968 1
3969 2
3970 2
3971 2
3972 2
3973 2
3974 1
3975 2
3976 1
3977 1
3978 2
3979 2
3980 2
3981 2
3982 2
3983 2
3984 2
3985 2
3986 1
3987 2
3988 2
3989 1
3990 2
3991 2
3992 2
3993 1
3994 2
3995 2
3996 2
3997 2
3998 2
3999 2
4000 2
4001 2
4002 2
4003 2
4004 2
4005 2
4006 2
4007 2
4008 2
4009 2
4010 2
4011 1
4012 2
4013 1
4014 2
4015 2
4016 2
4017 1
4018 2
4019 1
4020 2
4021 1
4022 2
4023 2
4024 2
4025 2
4026 2
4027 1
4028 2
4029 2
4030 2
4031 2
4032 1
4033 2
4034 2
4035 2
4036 2
4037 2
4038 2
4039 2
4040 2
4041 2
4042 1
4043 1
4044 1
4045 2
4046 2
4047 2
4048 2
4049 2
4050 2
4051 2
4052 2
4053 2
4054 1
4055 1
4056 2
4057 2
4058 2
4059 2
4060 2
4061 2
4062 2
4063 2
4064 2
4065 2
4066 2
4067 2
4068 2
4069 2
4070 2
4071 1
4072 1
4073 1
4074 1
4075 1
4076 1
4077 1
4078 1
4079 2
4080 2
4081 1
4082 1
4083 1
4084 3
4085 1
4086 3
4087 2
4088 1
4089 2
4090 3
4091 1
4092 2
4093 2
4094 1
4095 1
4096 1
4097 2
4098 1
4099 3
4100 1
4101 2
4102 2
4103 1
4104 1
4105 2
4106 2
4107 1
4108 1
4109 1
4110 3
4111 2
4112 2
4113 2
4114 2
4115 3
4116 1
4117 1
4118 2
4119 3
4120 3
4121 2
4122 1
4123 1
4124 1
4125 1
4126 1
4127 1
4128 3
4129 2
4130 1
4131 1
4132 2
4133 2
4134 2
4135 1
4136 2
4137 1
4138 3
4139 1
4140 1
4141 1
4142 1
4143 1
4144 2
4145 2
4146 2
4147 2
4148 2
4149 2
4150 2
4151 2
4152 2
4153 1
4154 3
4155 1
4156 3
4157 1
4158 2
4159 2
4160 3
4161 1
4162 3
4163 2
4164 3
4165 1
4166 2
4167 1
4168 1
4169 1
4170 1
4171 2
4172 3
4173 2
4174 3
4175 1
4176 1
4177 1
4178 1
4179 2
4180 2
4181 1
4182 1
4183 1
4184 1
4185 1
4186 2
4187 3
4188 2
4189 2
4190 1
4191 1
4192 1
4193 3
4194 3
4195 1
4196 2
4197 1
4198 1
4199 3
4200 1
4201 2
4202 2
4203 1
4204 2
4205 1
4206 3
4207 3
4208 2
4209 1
4210 1
4211 3
4212 2
4213 2
4214 2
4215 2
4216 2
4217 3
4218 3
4219 3
4220 1
4221 3
4222 2
4223 1
4224 1
4225 1
4226 1
4227 2
4228 1
4229 1
4230 1
4231 1
4232 1
4233 1
4234 1
4235 1
4236 1
4237 1
4238 1
4239 1
4240 1
4241 1
4242 1
4243 1
4244 1
4245 1
4246 1
4247 1
4248 1
4249 1
4250 1
4251 1
4252 1
4253 1
4254 1
4255 1
4256 1
4257 1
4258 1
4259 1
4260 1
4261 1
4262 1
4263 1
4264 1
4265 1
4266 1
4267 1
4268 1
4269 1
4270 1
4271 1
4272 1
4273 1
4274 1
4275 1
4276 1
4277 1
4278 1
4279 1
4280 1
4281 1
4282 1
4283 1
4284 1
4285 2
4286 1
4287 1
4288 1
4289 1
4290 1
4291 1
4292 1
4293 1
4294 1
4295 1
4296 1
4297 1
4298 1
4299 1
4300 1
4301 1
4302 1
4303 1
4304 1
4305 2
4306 1
4307 1
4308 1
4309 1
4310 1
4311 1
4312 1
4313 1
4314 1
4315 1
4316 1
4317 3
4318 1
4319 1
4320 1
4321 1
4322 1
4323 1
4324 1
4325 1
4326 1
4327 3
4328 2
4329 2
4330 1
4331 2
4332 5
4333 4
4334 1
4335 5
4336 5
4337 2
4338 1
4339 1
4340 3
4341 2
4342 4
4343 3
4344 5
4345 5
4346 3
4347 5
4348 1
4349 1
4350 1
4351 2
4352 5
4353 2
4354 2
4355 2
4356 1
4357 3
4358 3
4359 4
4360 2
4361 5
4362 2
4363 3
4364 4
4365 4
4366 1
4367 4
4368 4
4369 3
4370 3
4371 3
4372 5
4373 5
4374 4
4375 3
4376 4
4377 2
4378 1
4379 1
4380 3
4381 5
4382 2
4383 4
4384 5
4385 4
4386 2
4387 1
4388 1
4389 1
4390 1
4391 4
4392 5
4393 1
4394 1
4395 5
4396 3
4397 2
4398 5
4399 2
4400 2
4401 5
4402 5
4403 2
4404 3
4405 2
4406 2
4407 2
4408 5
4409 2
4410 3
4411 2
4412 2
4413 5
4414 1
4415 2
4416 3
4417 2
4418 2
4419 2
4420 1
4421 2
4422 1
4423 1
4424 1
4425 1
4426 1
4427 1
4428 1
4429 1
4430 1
4431 1
4432 1
4433 1
4434 1
4435 2
4436 3
4437 2
4438 1
4439 3
4440 1
4441 3
4442 3
4443 1
4444 2
4445 2
4446 2
4447 1
4448 2
4449 1
4450 1
4451 1
4452 1
4453 1
4454 1
4455 1
4456 1
4457 2
4458 3
4459 2
4460 1
4461 2
4462 2
4463 1
4464 1
4465 1
4466 1
4467 2
4468 2
4469 2
4470 2
4471 1
4472 1
4473 2
4474 3
4475 1
4476 2
4477 2
4478 2
4479 2
4480 2
4481 2
4482 2
4483 2
4484 2
4485 2
4486 2
4487 2
4488 2
4489 2
4490 2
4491 2
4492 2
4493 2
4494 2
4495 2
4496 2
4497 2
4498 2
4499 1
4500 2
4501 2
4502 1
4503 2
4504 2
4505 2
4506 2
4507 2
4508 2
4509 2
4510 2
4511 2
4512 2
4513 2
4514 1
4515 2
4516 2
4517 2
4518 2
4519 2
4520 2
4521 1
4522 2
4523 2
4524 2
4525 2
4526 1
4527 1
4528 2
4529 2
4530 2
4531 2
4532 2
4533 2
4534 2
4535 2
4536 2
4537 2
4538 2
4539 1
4540 2
4541 2
4542 2
4543 2
4544 1
4545 2
4546 2
4547 2
4548 1
4549 1
4550 2
4551 2
4552 2
4553 2
4554 2
4555 2
4556 2
4557 2
4558 1
4559 1
4560 2
4561 2
4562 2
4563 2
4564 2
4565 2
4566 1
4567 2
4568 2
4569 2
4570 2
4571 2
4572 1
4573 2
4574 2
4575 2
4576 1
4577 2
4578 1
4579 2
4580 1
4581 2
4582 2
4583 1
4584 2
4585 2
4586 2
4587 1
4588 2
4589 2
4590 2
4591 1
4592 2
4593 1
4594 1
4595 1
4596 2
4597 2
4598 2
4599 1
4600 2
4601 2
4602 2
4603 1
4604 1
4605 2
4606 2
4607 2
4608 2
4609 1
4610 2
4611 2
4612 1
4613 2
4614 2
4615 2
4616 2
4617 2
4618 1
4619 2
4620 2
4621 2
4622 2
4623 1
4624 2
4625 1
4626 2
4627 2
4628 2
4629 1
4630 2
4631 2
4632 2
4633 2
4634 2
4635 1
4636 2
4637 2
4638 1
4639 2
4640 2
4641 2
4642 1
4643 2
4644 2
4645 1
4646 2
4647 1
4648 2
4649 2
4650 1
4651 2
4652 3
4653 1
4654 2
4655 2
4656 2
4657 2
4658 2
4659 2
4660 2
4661 2
4662 2
4663 1
4664 2
4665 1
4666 1
4667 2
4668 1
4669 2
4670 2
4671 1
4672 2
4673 1
4674 1
4675 2
4676 2
4677 2
4678 2
4679 2
4680 1
4681 1
4682 1
4683 2
4684 2
4685 2
4686 2
4687 2
4688 2
4689 2
4690 2
4691 2
4692 1
4693 1
4694 2
4695 2
4696 1
4697 1
4698 1
4699 1
4700 2
4701 1
4702 2
4703 2
4704 2
4705 2
4706 2
4707 2
4708 2
4709 2
4710 2
4711 2
4712 2
4713 2
4714 2
4715 2
4716 2
4717 2
4718 2
4719 2
4720 2
4721 2
4722 2
4723 2
4724 2
4725 2
4726 2
4727 2
4728 2
4729 2
4730 2
4731 2
4732 2
4733 2
4734 2
4735 2
4736 2
4737 2
4738 2
4739 2
4740 2
4741 2
4742 2
4743 2
4744 2
4745 2
4746 2
4747 2
4748 2
4749 2
4750 2
4751 2
4752 1
4753 2
4754 2
4755 1
4756 1
4757 1
4758 1
4759 2
4760 1
4761 1
4762 1
4763 1
4764 1
4765 1
4766 1
4767 2
4768 1
4769 1
4770 1
4771 2
4772 1
4773 1
4774 1
4775 1
4776 1
4777 1
4778 1
4779 1
4780 1
4781 1
4782 2
4783 1
4784 2
4785 1
4786 1
4787 1
4788 2
4789 1
4790 1
4791 1
4792 2
4793 2
4794 1
4795 1
4796 1
4797 1
4798 1
4799 2
4800 1
4801 1
4802 1
4803 1
4804 1
4805 1
4806 1
4807 1
4808 1
4809 1
4810 1
4811 1
4812 1
4813 1
4814 1
4815 1
4816 1
4817 1
4818 1
4819 1
4820 2
4821 1
4822 1
4823 1
4824 1
4825 1
4826 2
4827 2
4828 2
4829 2
4830 2
4831 2
4832 2
4833 2
4834 2
4835 1
4836 2
4837 3
4838 2
4839 2
4840 2
4841 2
4842 1
4843 1
4844 1
4845 2
4846 1
4847 2
4848 2
4849 2
4850 2
4851 2
4852 2
4853 1
4854 2
4855 2
4856 2
4857 1
4858 1
4859 2
4860 2
4861 2
4862 2
4863 2
4864 2
4865 2
4866 2
4867 3
4868 1
4869 1
4870 2
4871 2
4872 2
4873 2
4874 2
4875 2
4876 2
4877 2
4878 2
4879 2
4880 2
4881 2
4882 2
4883 2
4884 2
4885 2
4886 2
4887 2
4888 2
4889 3
4890 2
4891 2
4892 2
4893 2
4894 2
4895 1
4896 2
4897 2
4898 2
4899 2
4900 2
4901 2
4902 2
4903 2
4904 2
4905 2
4906 2
4907 2
4908 2
4909 2
4910 2
4911 1
4912 1
4913 2
4914 2
4915 1
4916 1
4917 2
4918 2
4919 1
4920 1
4921 1
4922 2
4923 2
4924 2
4925 2
4926 2
4927 2
4928 2
4929 1
4930 1
4931 1
4932 2
4933 2
4934 2
4935 1
4936 1
4937 1
4938 1
4939 2
4940 2
0.19203095196845027